562204.15002441 5119102.93005371 1589.78002930 0.796078 0.764706 0.65098 21.000000 2.000000
562189.20001221 5119096.03002930 1592.14001465 0.705882 0.690196 0.619608 21.000000 2.000000
562217.23999023 5119094.18994141 1587.44995117 0.737255 0.729412 0.639216 21.000000 2.000000
562175.46002197 5119089.09997559 1594.95996094 0.756863 0.737255 0.65098 21.000000 2.000000
562201.84002686 5119087.30004883 1589.60998535 0.666667 0.658824 0.596078 21.000000 2.000000
562227.03997803 5119081.65002441 1584.84997559 0.352941 0.4 0.447059 21.000000 2.000000
562160.00000000 5119082.25000000 1598.79003906 0.760784 0.752941 0.67451 21.000000 2.000000
562188.57000732 5119080.30004883 1592.68005371 0.690196 0.682353 0.611765 21.000000 2.000000
562230.23999023 5119076.07995605 1560.02001953 0.298039 0.321569 0.384314 21.000000 2.000000
562210.84002686 5119074.77001953 1587.44995117 0.701961 0.694118 0.611765 21.000000 2.000000
562144.78002930 5119075.36999512 1601.83996582 0.721569 0.709804 0.631373 21.000000 2.000000
562173.61999512 5119073.43005371 1595.98999023 0.729412 0.713725 0.627451 21.000000 2.000000
562240.59002686 5119067.18005371 1552.20996094 0.301961 0.333333 0.403922 21.000000 2.000000
562197.28002930 5119067.84997559 1590.55004883 0.737255 0.721569 0.627451 21.000000 2.000000
562131.04998779 5119068.31005859 1604.14001465 0.713725 0.705882 0.623529 21.000000 2.000000
562157.84002686 5119066.57995605 1599.67004395 0.541176 0.52549 0.482353 21.000000 2.000000
562224.16998291 5119060.80004883 1562.88000488 0.352941 0.388235 0.439216 21.000000 2.000000
562217.64001465 5119061.18005371 1586.04003906 0.368627 0.407843 0.486275 21.000000 2.000000
562183.13000488 5119060.85998535 1593.44995117 0.745098 0.713725 0.627451 21.000000 2.000000
562248.44000244 5119054.59997559 1547.26000977 0.298039 0.321569 0.372549 21.000000 2.000000
562115.64001465 5119061.32995605 1606.51000977 0.690196 0.686275 0.603922 21.000000 2.000000
562144.59997559 5119059.54003906 1602.97998047 0.658824 0.647059 0.572549 21.000000 2.000000
562234.38000488 5119051.85998535 1555.18994141 0.298039 0.32549 0.392157 21.000000 2.000000
562203.03002930 5119054.09997559 1588.42004395 0.768627 0.756863 0.666667 21.000000 2.000000
562166.79998779 5119053.94995117 1597.15002441 0.733333 0.721569 0.623529 21.000000 2.000000
562099.73999023 5119054.31994629 1610.16003418 0.705882 0.682353 0.603922 21.000000 2.000000
562128.77001953 5119052.53002930 1606.48999023 0.729412 0.713725 0.627451 21.000000 2.000000
562219.59997559 5119045.26000977 1566.26000977 0.333333 0.360784 0.431373 21.000000 2.000000
562256.84002686 5119042.27001953 1549.79003906 0.658824 0.643137 0.580392 21.000000 2.000000
562179.58001709 5119044.98999023 1593.54003906 0.768627 0.74902 0.658824 21.000000 2.000000
562242.28997803 5119037.86999512 1550.72998047 0.313725 0.333333 0.384314 21.000000 2.000000
562211.84002686 5119041.50000000 1585.97998047 0.368627 0.392157 0.447059 21.000000 2.000000
562154.46002197 5119045.34997559 1601.15002441 0.639216 0.627451 0.552941 21.000000 2.000000
562112.95001221 5119045.59997559 1610.21997070 0.631373 0.619608 0.572549 21.000000 2.000000
562193.48999023 5119040.11999512 1590.66003418 0.713725 0.705882 0.631373 21.000000 2.000000
562264.58001709 5119034.66003418 1562.84997559 0.894118 0.890196 0.8 21.000000 2.000000
562228.94000244 5119035.02001953 1557.91003418 0.298039 0.321569 0.4 21.000000 2.000000
562139.03997803 5119039.98999023 1605.43005371 0.666667 0.65098 0.580392 21.000000 2.000000
562165.91998291 5119036.43994141 1596.71997070 0.698039 0.666667 0.588235 21.000000 2.000000
562090.90997314 5119041.09997559 1610.81994629 0.823529 0.815686 0.721569 21.000000 2.000000
562205.27001953 5119030.66003418 1574.77001953 0.333333 0.368627 0.423529 21.000000 2.000000
562253.46997070 5119026.67004395 1550.86999512 0.772549 0.760784 0.647059 21.000000 2.000000
562269.80999756 5119027.23999023 1575.77001953 0.956863 0.956863 0.901961 21.000000 2.000000
562124.65002441 5119035.27001953 1608.36999512 0.792157 0.760784 0.658824 21.000000 2.000000
562180.03002930 5119029.08996582 1592.97998047 0.811765 0.784314 0.701961 21.000000 2.000000
562217.42999268 5119025.40002441 1564.08996582 0.298039 0.321569 0.392157 21.000000 2.000000
562236.83001709 5119023.63000488 1551.64001465 0.631373 0.596078 0.517647 21.000000 2.000000
562152.14001465 5119029.54003906 1602.17004395 0.756863 0.701961 0.639216 21.000000 2.000000
562104.21002197 5119032.61999512 1612.94995117 0.713725 0.698039 0.603922 21.000000 2.000000
562257.61999512 5119019.31005859 1564.61999512 0.752941 0.721569 0.635294 21.000000 2.000000
562194.11999512 5119022.45996094 1586.55004883 0.34902 0.384314 0.443137 21.000000 2.000000
562134.96002197 5119024.26000977 1606.82995605 0.737255 0.721569 0.619608 21.000000 2.000000
562277.78002930 5119015.06005859 1579.88000488 0.509804 0.533333 0.509804 21.000000 2.000000
562205.26000977 5119016.84997559 1568.76000977 0.321569 0.356863 0.419608 21.000000 2.000000
562168.03997803 5119020.32995605 1595.83996582 0.670588 0.666667 0.584314 21.000000 2.000000
562091.20001221 5119025.11999512 1610.94995117 0.886275 0.870588 0.764706 21.000000 2.000000
562115.97998047 5119021.50000000 1611.55004883 0.792157 0.768627 0.658824 21.000000 2.000000
562222.90997314 5119012.65002441 1557.67004395 0.305882 0.329412 0.384314 21.000000 2.000000
562246.78997803 5119011.16003418 1553.96997070 0.831373 0.8 0.698039 21.000000 2.000000
562264.28997803 5119010.18994141 1575.41003418 0.913725 0.901961 0.831373 21.000000 2.000000
562181.35998535 5119012.81005859 1592.10998535 0.384314 0.439216 0.486275 21.000000 2.000000
562191.46997070 5119011.29003906 1575.27001953 0.321569 0.352941 0.423529 21.000000 2.000000
562155.90002441 5119013.15002441 1601.22998047 0.580392 0.564706 0.517647 21.000000 2.000000
562102.02001953 5119014.28002930 1614.30004883 0.87451 0.854902 0.737255 21.000000 2.000000
562233.90002441 5119003.59997559 1551.91003418 0.611765 0.603922 0.537255 21.000000 2.000000
562252.67999268 5119003.45996094 1566.52001953 0.909804 0.909804 0.811765 21.000000 2.000000
562286.03002930 5119002.22998047 1575.76000977 0.745098 0.721569 0.639216 21.000000 2.000000
562209.83001709 5119004.03002930 1562.29003906 0.313725 0.333333 0.407843 21.000000 2.000000
562140.53997803 5119010.04003906 1605.11999512 0.780392 0.752941 0.658824 21.000000 2.000000
562125.28997803 5119008.61999512 1608.75000000 0.705882 0.682353 0.568627 21.000000 2.000000
562271.10998535 5118997.93005371 1580.80004883 0.517647 0.494118 0.470588 21.000000 2.000000
562169.09997559 5119003.85998535 1594.68994141 0.572549 0.568627 0.498039 21.000000 2.000000
562181.20001221 5118999.76000977 1578.72998047 0.321569 0.352941 0.419608 21.000000 2.000000
562196.48999023 5118998.35998535 1568.70996094 0.301961 0.329412 0.396078 21.000000 2.000000
562240.94000244 5118994.25000000 1562.46997070 0.92549 0.917647 0.823529 21.000000 2.000000
562220.83001709 5118994.78002930 1554.43994141 0.290196 0.305882 0.396078 21.000000 2.000000
562091.05999756 5119002.45996094 1612.94995117 0.886275 0.870588 0.760784 21.000000 2.000000
562111.55999756 5119001.41003418 1613.44995117 0.690196 0.662745 0.564706 21.000000 2.000000
562151.15002441 5118998.70996094 1603.09997559 0.67451 0.67451 0.603922 21.000000 2.000000
562254.28997803 5118991.61999512 1575.64001465 0.909804 0.905882 0.819608 21.000000 2.000000
562134.70001221 5118995.60998535 1606.01000977 0.737255 0.717647 0.607843 21.000000 2.000000
562206.52001953 5118989.11999512 1560.31994629 0.305882 0.337255 0.388235 21.000000 2.000000
562281.15002441 5118986.22998047 1578.03002930 0.792157 0.772549 0.666667 21.000000 2.000000
562162.40997314 5118989.63000488 1598.52001953 0.396078 0.431373 0.45098 21.000000 2.000000
562187.53002930 5118986.79003906 1572.94995117 0.345098 0.372549 0.427451 21.000000 2.000000
562226.34002686 5118984.21997070 1564.17004395 0.909804 0.901961 0.819608 21.000000 2.000000
562265.51000977 5118981.81005859 1580.70996094 0.611765 0.592157 0.541176 21.000000 2.000000
562242.55999756 5118982.46997070 1572.61999512 0.886275 0.870588 0.756863 21.000000 2.000000
562176.38000488 5118986.54003906 1585.17004395 0.364706 0.4 0.454902 21.000000 2.000000
562099.63000488 5118989.81994629 1615.28002930 0.768627 0.745098 0.631373 21.000000 2.000000
562118.65997314 5118988.45996094 1609.22998047 0.8 0.772549 0.65098 21.000000 2.000000
562142.58001709 5118982.77001953 1603.93005371 0.792157 0.784314 0.682353 21.000000 2.000000
562197.45001221 5118977.63000488 1565.85998535 0.298039 0.321569 0.392157 21.000000 2.000000
562214.30999756 5118976.32995605 1558.94995117 0.321569 0.388235 0.411765 21.000000 2.000000
562229.20001221 5118976.63000488 1577.15002441 0.917647 0.909804 0.839216 21.000000 2.000000
562250.69000244 5118975.96997070 1585.13000488 0.87451 0.858824 0.733333 21.000000 2.000000
562169.55999756 5118976.70996094 1595.53002930 0.411765 0.439216 0.494118 21.000000 2.000000
562181.42999268 5118973.35998535 1575.81005859 0.352941 0.376471 0.431373 21.000000 2.000000
562089.34002686 5118977.78002930 1612.54003906 0.823529 0.807843 0.686275 21.000000 2.000000
562108.05999756 5118976.71997070 1611.25000000 0.85098 0.811765 0.701961 21.000000 2.000000
562127.03997803 5118975.39001465 1605.80004883 0.784314 0.760784 0.658824 21.000000 2.000000
562216.95001221 5118968.67004395 1572.65002441 0.913725 0.894118 0.8 21.000000 2.000000
562235.51000977 5118968.68994141 1589.43994141 0.709804 0.705882 0.635294 21.000000 2.000000
562264.28997803 5118966.82995605 1583.82995605 0.631373 0.627451 0.564706 21.000000 2.000000
562154.53002930 5118972.06994629 1601.01000977 0.690196 0.678431 0.592157 21.000000 2.000000
562204.91998291 5118964.42004395 1561.13000488 0.278431 0.305882 0.360784 21.000000 2.000000
562220.36999512 5118963.76000977 1586.52001953 0.905882 0.905882 0.811765 21.000000 2.000000
562140.21997070 5118966.16003418 1602.98999023 0.8 0.784314 0.690196 21.000000 2.000000
562188.76000977 5118961.56005859 1568.81994629 0.290196 0.313725 0.376471 21.000000 2.000000
562248.51000977 5118959.43005371 1585.90002441 0.639216 0.647059 0.560784 21.000000 2.000000
562171.34997559 5118962.08996582 1586.52001953 0.368627 0.4 0.447059 21.000000 2.000000
562096.40997314 5118964.69995117 1608.76000977 0.847059 0.831373 0.721569 21.000000 2.000000
562115.07000732 5118963.59997559 1606.89001465 0.831373 0.807843 0.698039 21.000000 2.000000
562209.09997559 5118955.32995605 1575.06994629 0.862745 0.839216 0.729412 21.000000 2.000000
562153.77001953 5118956.96997070 1599.55004883 0.831373 0.815686 0.737255 21.000000 2.000000
562229.35998535 5118952.53002930 1592.28002930 0.533333 0.52549 0.501961 21.000000 2.000000
562128.35998535 5118954.45996094 1604.22998047 0.815686 0.8 0.690196 21.000000 2.000000
562177.07000732 5118949.72998047 1568.51000977 0.243137 0.266667 0.321569 21.000000 2.000000
562195.60998535 5118948.56994629 1565.56994629 0.462745 0.478431 0.431373 21.000000 2.000000
562212.04998779 5118949.13000488 1589.31994629 0.913725 0.901961 0.792157 21.000000 2.000000
562253.89001465 5118945.58996582 1588.22998047 0.709804 0.694118 0.596078 21.000000 2.000000
562105.09002686 5118951.64001465 1606.04003906 0.8 0.792157 0.682353 21.000000 2.000000
562161.82000732 5118947.65002441 1589.73999023 0.407843 0.431373 0.478431 21.000000 2.000000
562088.20001221 5118951.17004395 1610.00000000 0.670588 0.65098 0.564706 21.000000 2.000000
562141.64001465 5118945.31994629 1601.02001953 0.905882 0.878431 0.784314 21.000000 2.000000
562202.20001221 5118940.85998535 1580.32995605 0.933333 0.921569 0.839216 21.000000 2.000000
562237.29998779 5118939.63000488 1590.68994141 0.694118 0.686275 0.596078 21.000000 2.000000
562222.21997070 5118939.42004395 1595.06005859 0.611765 0.615686 0.552941 21.000000 2.000000
562118.11999512 5118942.68005371 1604.73999023 0.831373 0.811765 0.709804 21.000000 2.000000
562164.39001465 5118938.23999023 1571.96997070 0.266667 0.290196 0.356863 21.000000 2.000000
562186.85998535 5118936.93005371 1570.02001953 0.282353 0.313725 0.368627 21.000000 2.000000
562207.97998047 5118931.55004883 1593.01000977 0.921569 0.909804 0.819608 21.000000 2.000000
562157.21002197 5118933.68994141 1586.13000488 0.298039 0.321569 0.376471 21.000000 2.000000
562097.69000244 5118938.07995605 1608.79003906 0.67451 0.666667 0.580392 21.000000 2.000000
562131.64001465 5118933.43994141 1601.76000977 0.847059 0.831373 0.729412 21.000000 2.000000
562194.08001709 5118927.43005371 1582.30004883 0.913725 0.905882 0.819608 21.000000 2.000000
562148.13000488 5118930.71997070 1598.16003418 0.741176 0.713725 0.611765 21.000000 2.000000
562171.38000488 5118925.17004395 1568.40002441 0.25098 0.282353 0.321569 21.000000 2.000000
562220.94000244 5118924.25000000 1596.94995117 0.576471 0.576471 0.52549 21.000000 2.000000
562236.77001953 5118923.15002441 1592.69995117 0.694118 0.670588 0.584314 21.000000 2.000000
562111.72998047 5118928.84997559 1605.18994141 0.788235 0.776471 0.67451 21.000000 2.000000
562181.54998779 5118919.54003906 1578.45996094 0.266667 0.309804 0.345098 21.000000 2.000000
562088.26000977 5118923.83996582 1609.85998535 0.835294 0.819608 0.705882 21.000000 2.000000
562159.32000732 5118918.98999023 1592.95996094 0.329412 0.356863 0.411765 21.000000 2.000000
562201.00000000 5118916.72998047 1592.69995117 0.894118 0.882353 0.768627 21.000000 2.000000
562137.60998535 5118918.96997070 1600.34997559 0.603922 0.607843 0.564706 21.000000 2.000000
562122.39001465 5118917.42004395 1603.59997559 0.776471 0.764706 0.647059 21.000000 2.000000
562165.59002686 5118913.66003418 1580.10998535 0.262745 0.27451 0.329412 21.000000 2.000000